0.500000	86.196925
0.550000	44.482532
0.600000	19.564885
0.650000	7.225670
0.700000	3.149623
0.750000	3.567065
0.800000	5.632134
0.850000	7.536541
0.900000	8.411051
0.950000	8.095572
1.000000	6.862499
1.050000	5.162261
1.100000	3.433856
1.150000	1.995214
1.200000	1.006211
1.250000	0.483930
1.300000	0.345969
1.350000	0.460774
1.400000	0.690836
1.450000	0.922009
1.500000	1.078102
1.550000	1.123441
1.600000	1.057339
1.649999	0.904274
1.699999	0.702655
1.749999	0.494174
1.799999	0.315019
1.849999	0.189775
1.899999	0.128459
1.949999	0.126732
1.999999	0.168906
2.049999	0.232833
2.099999	0.295603
2.149999	0.338608
2.199999	0.351072
2.249999	0.331337
2.299999	0.285881
2.349999	0.226584
2.399999	0.167106
2.449999	0.119358
2.499999	0.090922
2.549999	0.083883
2.599999	0.095165
2.649999	0.118035
2.699999	0.144245
2.749999	0.166171
2.799999	0.178461
2.849998	0.178885
2.899998	0.168334
2.949998	0.150122
2.999998	0.128873
3.049998	0.109305
3.099998	0.095183
3.149998	0.088638
3.199998	0.089918
3.249998	0.097565
3.299998	0.108932
3.349998	0.120881
3.399998	0.130526
3.449998	0.135843
3.499998	0.136041
3.549998	0.131630
3.599998	0.124184
3.649998	0.115884
3.699998	0.108949
3.749998	0.105113
3.799998	0.105254
3.849998	0.109274
3.899997	0.116213
3.949997	0.124565
3.999997	0.132694
4.049997	0.139225
4.099998	0.143345
4.149998	0.144924
4.199998	0.144470
4.249998	0.142948
4.299998	0.141512
4.349998	0.141234
4.399999	0.142877
4.449999	0.146764
4.499999	0.152753
4.549999	0.160313
4.599999	0.168676
4.650000	0.177034
4.700000	0.184725
4.750000	0.191378
4.800000	0.196984
4.850000	0.201874
4.900001	0.206635
4.950001	0.211947
5.000001	0.218438
5.050001	0.226547
5.100001	0.236454
5.150002	0.248092
5.200002	0.261201
5.250002	0.275445
5.300002	0.290505
5.350002	0.306167
5.400002	0.322358
5.450003	0.339148
5.500003	0.356727
5.550003	0.375382
5.600003	0.395476
5.650003	0.417445
5.700004	0.441786
5.750004	0.469043
5.800004	0.499762
5.850004	0.534426
5.900004	0.573383
5.950005	0.616806
6.000005	0.664686
6.050005	0.716897
6.100005	0.773301
6.150005	0.833883
6.200006	0.898872
6.250006	0.968793
6.300006	1.044456
6.350006	1.126842
6.400006	1.216938
6.450006	1.315532
6.500007	1.423009
6.550007	1.539192
6.600007	1.663231
6.650007	1.793542
6.700007	1.927809
6.750008	2.063025
6.800008	2.195582
6.850008	2.321406
6.900008	2.436152
6.950008	2.535453
7.000009	2.615222
7.050009	2.671991
7.100009	2.703237
7.150009	2.707671
7.200009	2.685428
7.250010	2.638115
7.300010	2.568705
7.350010	2.481256
7.400010	2.380509
7.450010	2.271391
7.500010	2.158532
7.550011	2.045847
7.600011	1.936268
7.650011	1.831658
7.700011	1.732900
7.750011	1.640129
7.800012	1.553029
7.850012	1.471126
7.900012	1.394013
7.950012	1.321472
8.000012	1.253486
8.050013	1.190181
8.100013	1.131711
8.150013	1.078170
8.200013	1.029514
8.250013	0.985542
8.300014	0.945904
8.350014	0.910140
8.400014	0.877731
8.450014	0.848149
8.500014	0.820906
8.550014	0.795598
8.600015	0.771934
8.650015	0.749760
8.700015	0.729053
8.750015	0.709896
8.800015	0.692427
8.850016	0.676777
8.900016	0.663002
8.950016	0.651043
9.000016	0.640712
9.050016	0.631711
9.100017	0.623687
9.150017	0.616304
9.200017	0.609301
9.250017	0.602541
9.300017	0.596019
9.350018	0.589847
9.400018	0.584204
9.450018	0.579283
9.500018	0.575238
9.550018	0.572148
9.600019	0.570009
9.650019	0.568743
9.700019	0.568222
9.750019	0.568304
9.800019	0.568862
9.850019	0.569803
9.900020	0.571081
9.950020	0.572698
10.000020	0.574697
10.050020	0.577152
10.100020	0.580155
10.150021	0.583803
10.200021	0.588179
10.250021	0.593338
10.300021	0.599288
10.350021	0.605983
10.400022	0.613328
10.450022	0.621196
10.500022	0.629454
10.550022	0.637998
10.600022	0.646790
10.650023	0.655869
10.700023	0.665352
10.750023	0.675412
10.800023	0.686237
10.850023	0.697982
10.900023	0.710734
10.950024	0.724488
11.000024	0.739152
11.050024	0.754571
11.100024	0.770571
11.150024	0.786997
11.200025	0.803750
11.250025	0.820799
11.300025	0.838176
11.350025	0.855953
11.400025	0.874216
11.450026	0.893034
11.500026	0.912445
11.550026	0.932452
11.600026	0.953020
11.650026	0.974086
11.700027	0.995563
11.750027	1.017333
11.800027	1.039250
11.850027	1.061132
11.900027	1.082770
11.950027	1.103942
12.000028	1.124438
12.050028	1.144088
12.100028	1.162783
12.150028	1.180488
12.200028	1.197232
12.250029	1.213083
12.300029	1.228119
12.350029	1.242384
12.400029	1.255870
12.450029	1.268501
12.500030	1.280145
12.550030	1.290634
12.600030	1.299804
12.650030	1.307525
12.700030	1.313730
12.750031	1.318430
12.800031	1.321708
12.850031	1.323708
12.900031	1.324604
12.950031	1.324578
13.000031	1.323797
13.050032	1.322389
13.100032	1.320445
13.150032	1.318010
13.200032	1.315096
13.250032	1.311686
13.300033	1.307750
13.350033	1.303255
13.400033	1.298180
13.450033	1.292525
13.500033	1.286321
13.550034	1.279624
13.600034	1.272506
13.650034	1.265038
13.700034	1.257266
13.750034	1.249187
13.800035	1.240743
13.850035	1.231824
13.900035	1.222286
13.950035	1.211984
14.000035	1.200809
14.050035	1.188710
14.100036	1.175715
14.150036	1.161918
14.200036	1.147466
14.250036	1.132527
14.300036	1.117266
14.350037	1.101822
14.400037	1.086306
14.450037	1.070799
14.500037	1.055367
14.550037	1.040068
14.600038	1.024958
14.650038	1.010090
14.700038	0.995504
14.750038	0.981226
14.800038	0.967261
14.850039	0.953598
14.900039	0.940222
14.950039	0.927130
15.000039	0.914343
15.050039	0.901917
15.100039	0.889934
15.150040	0.878492
15.200040	0.867684
15.250040	0.857576
15.300040	0.848195
15.350040	0.839520
15.400041	0.831497
15.450041	0.824050
15.500041	0.817101
15.550041	0.810599
15.600041	0.804520
15.650042	0.798877
15.700042	0.793712
15.750042	0.789080
15.800042	0.785037
15.850042	0.781620
15.900043	0.778847
15.950043	0.776706
16.000042	0.775164
16.050041	0.774166
16.100040	0.773662
16.150040	0.773602
16.200039	0.773951
16.250038	0.774697
16.300037	0.775849
16.350037	0.777433
16.400036	0.779486
16.450035	0.782042
16.500034	0.785123
16.550034	0.788734
16.600033	0.792858
16.650032	0.797462
16.700031	0.802501
16.750031	0.807932
16.800030	0.813720
16.850029	0.819843
16.900028	0.826295
16.950027	0.833087
17.000027	0.840240
17.050026	0.847779
17.100025	0.855729
17.150024	0.864111
17.200024	0.872931
17.250023	0.882185
17.300022	0.891849
17.350021	0.901883
17.400021	0.912232
17.450020	0.922832
17.500019	0.933615
17.550018	0.944516
17.600018	0.955485
17.650017	0.966489
17.700016	0.977518
17.750015	0.988576
17.800014	0.999678
17.850014	1.010835
17.900013	1.022045
17.950012	1.033282
18.000011	1.044490
18.050011	1.055589
18.100010	1.066480
18.150009	1.077065
18.200008	1.087255
18.250008	1.096991
18.300007	1.106243
18.350006	1.115009
18.400005	1.123311
18.450005	1.131173
18.500004	1.138612
18.550003	1.145622
18.600002	1.152175
18.650002	1.158221
18.700001	1.163697
18.750000	1.168541
18.799999	1.172705
18.849998	1.176157
18.899998	1.178887
18.949997	1.180902
18.999996	1.182215
19.049995	1.182843
19.099995	1.182799
19.149994	1.182097
19.199993	1.180754
19.249992	1.178798
19.299992	1.176273
19.349991	1.173242
19.399990	1.169776
19.449989	1.165951
19.499989	1.161834
19.549988	1.157469
19.599987	1.152880
19.649986	1.148068
19.699986	1.143018
19.749985	1.137715
19.799984	1.132153
19.849983	1.126339
19.899982	1.120300
19.949982	1.114073
19.999981	1.107701
20.049980	1.101223
20.099979	1.094664
20.149979	1.088037
20.199978	1.081341
20.249977	1.074570
20.299976	1.067714
20.349976	1.060774
20.399975	1.053760
20.449974	1.046694
20.499973	1.039612
20.549973	1.032552
20.599972	1.025556
20.649971	1.018656
20.699970	1.011877
20.749969	1.005228
20.799969	0.998704
20.849968	0.992293
20.899967	0.985977
20.949966	0.979741
20.999966	0.973578
21.049965	0.967489
21.099964	0.961489
21.149963	0.955602
21.199963	0.949853
21.249962	0.944269
21.299961	0.938870
21.349960	0.933669
21.399960	0.928670
21.449959	0.923876
21.499958	0.919282
21.549957	0.914891
21.599957	0.910704
21.649956	0.906730
21.699955	0.902977
21.749954	0.899453
21.799953	0.896164
21.849953	0.893110
21.899952	0.890285
21.949951	0.887684
21.999950	0.885302
22.049950	0.883140
22.099949	0.881207
22.149948	0.879520
22.199947	0.878102
22.249947	0.876974
22.299946	0.876155
22.349945	0.875652
22.399944	0.875462
22.449944	0.875571
22.499943	0.875957
22.549942	0.876598
22.599941	0.877478
22.649940	0.878592
22.699940	0.879944
22.749939	0.881549
22.799938	0.883430
22.849937	0.885604
22.899937	0.888086
22.949936	0.890879
22.999935	0.893974
23.049934	0.897356
23.099934	0.901002
23.149933	0.904888
23.199932	0.908994
23.249931	0.913308
23.299931	0.917823
23.349930	0.922540
23.399929	0.927463
23.449928	0.932597
23.499928	0.937943
23.549927	0.943495
23.599926	0.949238
23.649925	0.955147
23.699924	0.961189
23.749924	0.967329
23.799923	0.973534
23.849922	0.979775
23.899921	0.986036
23.949921	0.992309
23.999920	0.998593
24.049919	1.004887
24.099918	1.011187
24.149918	1.017481
24.199917	1.023748
24.249916	1.029959
24.299915	1.036081
24.349915	1.042086
24.399914	1.047946
24.449913	1.053640
24.499912	1.059150
24.549911	1.064459
24.599911	1.069549
24.649910	1.074401
24.699909	1.078997
24.749908	1.083319
24.799908	1.087358
24.849907	1.091110
24.899906	1.094577
24.949905	1.097759
24.999905	1.100655
25.049904	1.103257
25.099903	1.105546
25.149902	1.107494
25.199902	1.109071
25.249901	1.110243
25.299900	1.110985
25.349899	1.111285
25.399899	1.111140
25.449898	1.110567
25.499897	1.109593
25.549896	1.108257
25.599895	1.106602
25.649895	1.104670
25.699894	1.102500
25.749893	1.100119
25.799892	1.097547
25.849892	1.094790
25.899891	1.091848
25.949890	1.088713
25.999889	1.085380
26.049889	1.081848
26.099888	1.078121
26.149887	1.074215
26.199886	1.070151
26.249886	1.065959
26.299885	1.061667
26.349884	1.057304
26.399883	1.052889
26.449883	1.048435
26.499882	1.043944
26.549881	1.039413
26.599880	1.034834
26.649879	1.030205
26.699879	1.025526
26.749878	1.020812
26.799877	1.016085
26.849876	1.011376
26.899876	1.006718
26.949875	1.002142
26.999874	0.997667
27.049873	0.993303
27.099873	0.989043
27.149872	0.984873
27.199871	0.980774
27.249870	0.976733
27.299870	0.972745
27.349869	0.968822
27.399868	0.964987
27.449867	0.961276
27.499866	0.957721
27.549866	0.954352
27.599865	0.951183
27.649864	0.948210
27.699863	0.945418
27.749863	0.942780
27.799862	0.940268
27.849861	0.937860
27.899860	0.935549
27.949860	0.933340
27.999859	0.931252
28.049858	0.929309
28.099857	0.927539
28.149857	0.925964
28.199856	0.924597
28.249855	0.923440
28.299854	0.922488
28.349854	0.921730
28.399853	0.921151
28.449852	0.920737
28.499851	0.920476
28.549850	0.920362
28.599850	0.920390
28.649849	0.920561
28.699848	0.920877
28.749847	0.921343
28.799847	0.921968
28.849846	0.922760
28.899845	0.923727
28.949844	0.924878
28.999844	0.926217
29.049843	0.927745
29.099842	0.929456
29.149841	0.931339
29.199841	0.933379
29.249840	0.935561
29.299839	0.937871
29.349838	0.940300
29.399837	0.942847
29.449837	0.945518
29.499836	0.948323
29.549835	0.951270
29.599834	0.954365
29.649834	0.957608
29.699833	0.960989
29.749832	0.964493
29.799831	0.968102
29.849831	0.971798
29.899830	0.975564
29.949829	0.979385
29.999828	0.983247
