0.500000	12.198291
0.550000	23.056495
0.600000	29.167628
0.650000	26.320463
0.700000	17.972041
0.750000	9.227672
0.800000	3.386043
0.850000	1.158035
0.900000	1.489007
0.950000	2.781745
1.000000	3.775390
1.050000	3.890855
1.100000	3.172574
1.150000	2.035424
1.200000	0.977577
1.250000	0.353542
1.300000	0.259154
1.350000	0.543928
1.400000	0.925763
1.450000	1.144678
1.500000	1.080305
1.550000	0.782582
1.600000	0.413608
1.649999	0.144413
1.699999	0.066630
1.749999	0.161522
1.799999	0.330413
1.849999	0.459387
1.899999	0.477941
1.949999	0.384535
1.999999	0.233700
2.049999	0.099315
2.099999	0.036195
2.149999	0.057331
2.199999	0.134072
2.249999	0.215356
2.299999	0.254773
2.349999	0.232350
2.399999	0.161549
2.449999	0.079275
2.499999	0.025077
2.549999	0.020703
2.599999	0.060487
2.649999	0.116766
2.699999	0.156211
2.749999	0.157625
2.799999	0.121626
2.849998	0.068248
2.899998	0.024753
2.949998	0.010965
2.999998	0.029989
3.049998	0.068146
3.099998	0.103222
3.149998	0.116258
3.199998	0.100903
3.249998	0.065635
3.299998	0.028822
3.349998	0.008801
3.399998	0.014561
3.449998	0.041400
3.499998	0.073826
3.549998	0.093931
3.599998	0.090941
3.649998	0.066628
3.699998	0.034075
3.749998	0.010448
3.799998	0.007750
3.849998	0.026688
3.899997	0.056554
3.949997	0.081158
3.999997	0.087391
4.049997	0.072051
4.099998	0.043329
4.149998	0.016452
4.199998	0.005789
4.249998	0.017317
4.299998	0.045373
4.349998	0.075464
4.399999	0.091676
4.449999	0.085139
4.499999	0.058981
4.549999	0.027099
4.599999	0.007200
4.650000	0.011325
4.700000	0.039143
4.750000	0.077478
4.800000	0.106745
4.850000	0.111296
4.900001	0.087945
4.950001	0.048700
5.000001	0.015375
5.050001	0.008670
5.100001	0.036866
5.150002	0.090276
5.200002	0.144477
5.250002	0.171867
5.300002	0.156293
5.350002	0.103625
5.400002	0.042059
5.450003	0.010606
5.500003	0.039821
5.550003	0.133511
5.600003	0.261156
5.650003	0.367079
5.700004	0.395012
5.750004	0.319588
5.800004	0.171142
5.850004	0.041498
5.900004	0.064684
5.950005	0.375711
6.000005	1.060144
6.050005	2.112224
6.100005	3.417813
6.150005	4.770997
6.200006	5.921756
6.250006	6.641495
6.300006	6.785400
6.350006	6.331869
6.400006	5.386358
6.450006	4.149336
6.500007	2.859138
6.550007	1.729286
6.600007	0.899177
6.650007	0.411980
6.700007	0.222525
6.750008	0.229055
6.800008	0.315243
6.850008	0.387587
6.900008	0.397453
6.950008	0.342898
7.000009	0.254100
7.050009	0.170705
7.100009	0.121588
7.150009	0.114378
7.200009	0.137010
7.250010	0.167622
7.300010	0.186530
7.350010	0.184437
7.400010	0.164122
7.450010	0.136568
7.500010	0.114631
7.550011	0.107239
7.600011	0.116164
7.650011	0.135848
7.700011	0.156227
7.750011	0.167705
7.800012	0.166250
7.850012	0.156060
7.900012	0.147557
7.950012	0.151029
8.000012	0.169682
8.050013	0.197202
8.100013	0.222666
8.150013	0.240086
8.200013	0.254988
8.250013	0.281524
8.300014	0.330259
8.350014	0.396640
8.400014	0.463105
8.450014	0.520679
8.500014	0.600115
8.550014	0.788977
8.600015	1.212486
8.650015	1.973549
8.700015	3.076796
8.750015	4.378978
8.800015	5.604390
8.850016	6.431404
8.900016	6.617400
8.950016	6.101683
9.000016	5.034048
9.050016	3.712405
9.100017	2.461119
9.150017	1.510854
9.200017	0.935382
9.250017	0.667241
9.300017	0.569749
9.350018	0.518826
9.400018	0.451745
9.450018	0.367441
9.500018	0.293742
9.550018	0.251245
9.600019	0.237147
9.650019	0.232776
9.700019	0.221793
9.750019	0.201944
9.800019	0.182714
9.850019	0.173807
9.900020	0.175935
9.950020	0.181076
10.000020	0.180979
10.050020	0.174928
10.100020	0.170209
10.150021	0.175391
10.200021	0.193001
10.250021	0.218294
10.300021	0.244249
10.350021	0.267882
10.400022	0.292842
10.450022	0.328472
10.500022	0.390051
10.550022	0.502049
10.600022	0.698610
10.650023	1.011917
10.700023	1.446906
10.750023	1.954902
10.800023	2.429143
10.850023	2.736316
10.900023	2.774071
10.950024	2.523173
11.000024	2.060651
11.050024	1.523160
11.100024	1.043096
11.150024	0.695583
11.200025	0.484805
11.250025	0.369174
11.300025	0.300683
11.350025	0.250880
11.400025	0.212855
11.450026	0.188106
11.500026	0.174323
11.550026	0.163684
11.600026	0.148792
11.650026	0.128284
11.700027	0.107433
11.750027	0.094347
11.800027	0.095398
11.850027	0.111763
11.900027	0.137338
11.950027	0.159077
12.000028	0.161660
12.050028	0.136823
12.100028	0.093471
12.150028	0.060990
12.200028	0.081267
12.250029	0.191420
12.300029	0.406130
12.350029	0.708593
12.400029	1.054171
12.450029	1.383415
12.500030	1.637686
12.550030	1.772089
12.600030	1.763674
12.650030	1.615341
12.700030	1.355436
12.750031	1.032330
12.800031	0.704124
12.850031	0.425105
12.900031	0.232653
12.950031	0.138926
13.000031	0.129498
13.050032	0.170039
13.100032	0.219065
13.150032	0.243514
13.200032	0.231471
13.250032	0.196049
13.300033	0.167442
13.350033	0.174901
13.400033	0.227622
13.450033	0.305887
13.500033	0.370577
13.550034	0.389316
13.600034	0.367020
13.650034	0.362663
13.700034	0.479120
13.750034	0.824795
13.800035	1.461673
13.850035	2.362822
13.900035	3.400843
13.950035	4.375569
14.000035	5.072255
14.050035	5.329111
14.100036	5.088447
14.150036	4.413227
14.200036	3.464739
14.250036	2.450581
14.300036	1.562117
14.350037	0.923009
14.400037	0.564734
14.450037	0.435467
14.500037	0.435812
14.550037	0.465711
14.600038	0.462850
14.650038	0.417367
14.700038	0.359538
14.750038	0.329465
14.800038	0.347271
14.850039	0.401070
14.900039	0.459879
14.950039	0.503686
15.000039	0.551418
15.050039	0.667530
15.100039	0.937574
15.150040	1.422174
15.200040	2.111236
15.250040	2.904467
15.300040	3.632265
15.350040	4.111445
15.400041	4.212516
15.450041	3.908745
15.500041	3.284553
15.550041	2.501305
15.600041	1.736354
15.650042	1.123398
15.700042	0.718580
15.750042	0.502017
15.800042	0.408086
15.850042	0.365182
15.900043	0.325733
15.950043	0.275425
16.000042	0.223521
16.050041	0.184907
16.100040	0.165891
16.150040	0.160709
16.200039	0.157564
16.250038	0.147632
16.300037	0.130388
16.350037	0.112374
16.400036	0.101376
16.450035	0.100564
16.500034	0.106548
16.550034	0.111997
16.600033	0.110773
16.650032	0.101849
16.700031	0.089965
16.750031	0.082390
16.800030	0.084141
16.850029	0.094598
16.900028	0.107636
16.950027	0.115512
17.000027	0.114228
17.050026	0.106858
17.100025	0.102248
17.150024	0.109297
17.200024	0.130292
17.250023	0.158406
17.300022	0.182457
17.350021	0.197580
17.400021	0.215538
17.450020	0.266739
17.500019	0.389485
17.550018	0.609158
17.600018	0.917378
17.650017	1.263362
17.700016	1.565441
17.750015	1.740068
17.800014	1.735976
17.850014	1.556590
17.900013	1.258818
17.950012	0.928321
18.000011	0.644159
18.050011	0.450627
18.100010	0.349720
18.150009	0.314330
18.200008	0.310906
18.250008	0.316762
18.300007	0.324106
18.350006	0.334385
18.400005	0.353766
18.450005	0.397355
18.500004	0.498061
18.550003	0.707552
18.600002	1.077685
18.650002	1.625207
18.700001	2.298352
18.750000	2.970330
18.799999	3.473263
18.849998	3.661969
18.899998	3.476811
18.949997	2.971581
18.999996	2.291013
19.049995	1.609500
19.099995	1.063791
19.149994	0.711946
19.199993	0.533571
19.249992	0.462420
19.299992	0.428682
19.349991	0.389672
19.399990	0.340203
19.449989	0.306487
19.499989	0.332110
19.549988	0.462169
19.599987	0.727126
19.649986	1.127108
19.699986	1.621152
19.749985	2.127924
19.799984	2.543031
19.849983	2.769635
19.899982	2.750816
19.949982	2.490399
19.999981	2.051915
20.049980	1.536998
20.099979	1.052100
20.149979	0.676672
20.199978	0.444307
20.249977	0.341537
20.299976	0.323535
20.349976	0.339578
20.399975	0.358497
20.449974	0.383640
20.499973	0.450458
20.549973	0.606621
20.599972	0.882925
20.649971	1.268885
20.699970	1.705076
20.749969	2.098179
20.799969	2.352135
20.849968	2.402359
20.899967	2.237752
20.949966	1.902064
20.999966	1.475976
21.049965	1.048956
21.099964	0.693013
21.149963	0.446906
21.199963	0.313311
21.249962	0.267057
21.299961	0.269680
21.349960	0.285682
21.399960	0.295748
21.449959	0.302604
21.499958	0.326194
21.549957	0.389190
21.599957	0.499034
21.649956	0.636898
21.699955	0.761478
21.749954	0.827455
21.799953	0.808773
21.849953	0.712711
21.899952	0.576022
21.949951	0.445295
21.999950	0.353783
22.049950	0.308363
22.099949	0.292831
22.149948	0.284036
22.199947	0.270262
22.249947	0.262043
22.299946	0.290941
22.349945	0.397215
22.399944	0.611390
22.449944	0.935936
22.499943	1.334113
22.549942	1.732451
22.599941	2.039167
22.649940	2.174606
22.699940	2.102047
22.749939	1.844278
22.799938	1.476538
22.849937	1.097195
22.899937	0.789368
22.949936	0.592778
22.999935	0.499542
23.049934	0.475992
23.099934	0.497149
23.149933	0.573317
23.199932	0.751465
23.249931	1.087560
23.299931	1.603461
23.349930	2.252447
23.399929	2.915257
23.449928	3.433217
23.499928	3.665675
23.549927	3.544880
23.599926	3.102583
23.649925	2.456157
23.699924	1.762463
23.749924	1.161125
23.799923	0.732608
23.849922	0.485872
23.899921	0.375783
23.949921	0.336557
23.999920	0.313485
24.049919	0.279698
24.099918	0.234717
24.149918	0.191048
24.199917	0.160051
24.249916	0.144507
24.299915	0.139775
24.349915	0.139421
24.399914	0.139558
24.449913	0.139076
24.499912	0.137244
24.549911	0.132139
24.599911	0.121940
24.649910	0.108188
24.699909	0.097742
24.749908	0.101097
24.799908	0.127603
24.849907	0.180467
24.899906	0.254815
24.949905	0.339555
24.999905	0.421661
25.049904	0.490009
25.099903	0.537367
25.149902	0.560212
25.199902	0.557579
25.249901	0.530262
25.299900	0.480769
25.349899	0.414442
25.399899	0.342037
25.449898	0.283387
25.499897	0.270069
25.549896	0.343516
25.599895	0.545283
25.649895	0.899627
25.699894	1.394252
25.749893	1.969235
25.799892	2.523260
25.849892	2.939190
25.899891	3.121034
25.949890	3.026994
25.999889	2.683775
