2.000000	0.518214	100.659378
2.200000	0.570029	54.808018
2.400000	0.621843	25.939915
2.600000	0.673655	10.332168
2.800000	0.725465	3.948121
3.000000	0.777272	3.067866
3.200000	0.829077	4.706002
3.400000	0.880880	6.797200
3.600000	0.932679	8.178774
3.800000	0.984477	8.430046
4.000000	1.036270	7.639887
4.200000	1.088061	6.167698
4.400000	1.139849	4.444530
4.600000	1.191633	2.838217
4.800000	1.243413	1.586281
5.000000	1.295190	0.784177
5.199999	1.346963	0.410364
5.399999	1.398731	0.368317
5.599999	1.450495	0.529843
5.799999	1.502255	0.769983
5.999999	1.554011	0.989480
6.199998	1.605761	1.125016
6.399998	1.657507	1.149818
6.599998	1.709248	1.067888
6.799998	1.760983	0.904934
6.999998	1.812713	0.698287
7.199997	1.864438	0.487440
7.399997	1.916157	0.306322
7.599997	1.967870	0.177967
7.799997	2.019577	0.111978
7.999997	2.071278	0.104750
8.199997	2.122972	0.142115
8.399997	2.174660	0.203642
8.599997	2.226342	0.267624
8.799996	2.278017	0.315681
8.999996	2.329684	0.336103
9.199996	2.381345	0.325368
9.399996	2.432998	0.287701
9.599996	2.484644	0.233039
9.799995	2.536283	0.173994
9.999995	2.587914	0.122644
10.199995	2.639536	0.087880
10.399995	2.691151	0.073827
10.599995	2.742758	0.079555
10.799994	2.794356	0.099966
10.999994	2.845946	0.127486
11.199994	2.897527	0.154063
11.399994	2.949099	0.172992
11.599994	3.000662	0.180168
11.799994	3.052216	0.174602
11.999993	3.103761	0.158200
12.199993	3.155296	0.134952
12.399993	3.206822	0.109816
12.599993	3.258338	0.087563
12.799993	3.309844	0.071828
12.999992	3.361340	0.064511
13.199992	3.412826	0.065618
13.399992	3.464301	0.073491
13.599992	3.515766	0.085343
13.799992	3.567220	0.097953
13.999991	3.618663	0.108373
14.199991	3.670095	0.114498
14.399991	3.721516	0.115413
14.599991	3.772926	0.111455
14.799991	3.824324	0.104010
14.999990	3.875711	0.095114
15.199990	3.927085	0.086956
15.399990	3.978448	0.081388
15.599990	4.029799	0.079569
15.799990	4.081137	0.081772
15.999990	4.132463	0.087410
16.199989	4.183776	0.095230
16.399990	4.235077	0.103631
16.599991	4.286365	0.111016
16.799992	4.337640	0.116115
16.999992	4.388902	0.118218
17.199993	4.440150	0.117276
17.399994	4.491385	0.113875
17.599995	4.542605	0.109095
17.799995	4.593813	0.104285
17.999996	4.645006	0.100808
18.199997	4.696185	0.099779
18.399998	4.747350	0.101864
18.599998	4.798501	0.107161
18.799999	4.849636	0.115179
19.000000	4.900757	0.124943
19.200001	4.951863	0.135180
19.400002	5.002954	0.144587
19.600002	5.054030	0.152096
19.800003	5.105090	0.157115
20.000004	5.156135	0.159660
20.200005	5.207164	0.160375
20.400005	5.258177	0.160414
20.600006	5.309174	0.161207
20.800007	5.360155	0.164170
21.000008	5.411120	0.170406
21.200008	5.462068	0.180476
21.400009	5.513000	0.194274
21.600010	5.563914	0.211034
21.800011	5.614812	0.229478
22.000011	5.665693	0.248052
22.200012	5.716556	0.265226
22.400013	5.767402	0.279793
22.600014	5.818231	0.291113
22.800014	5.869041	0.299284
23.000015	5.919834	0.305177
23.200016	5.970609	0.310372
23.400017	6.021366	0.316957
23.600018	6.072104	0.327253
23.800018	6.122824	0.343466
24.000019	6.173525	0.367344
24.200020	6.224207	0.399897
24.400021	6.274870	0.441225
24.600021	6.325515	0.490500
24.800022	6.376140	0.546149
25.000023	6.426745	0.606198
25.200024	6.477332	0.668740
25.400024	6.527897	0.732423
25.600025	6.578444	0.796899
25.800026	6.628970	0.863073
26.000027	6.679477	0.933148
26.200027	6.729962	1.010375
26.400028	6.780427	1.098568
26.600029	6.830873	1.201452
26.800030	6.881296	1.321969
27.000031	6.931699	1.461644
27.200031	6.982081	1.620120
27.400032	7.032441	1.794998
27.600033	7.082780	1.981934
27.800034	7.133098	2.175016
28.000034	7.183393	2.367322
28.200035	7.233667	2.551581
28.400036	7.283919	2.720828
28.600037	7.334148	2.868938
28.800037	7.384356	2.991062
29.000038	7.434541	3.083782
29.200039	7.484703	3.145200
29.400040	7.534842	3.174816
29.600040	7.584959	3.173413
29.800041	7.635052	3.142745
30.000042	7.685122	3.085414
30.200043	7.735169	3.004605
30.400043	7.785192	2.903927
30.600044	7.835191	2.787230
30.800045	7.885167	2.658459
31.000046	7.935118	2.521472
31.200047	7.985045	2.379949
31.400047	8.034948	2.237210
31.600048	8.084827	2.096151
31.800049	8.134681	1.959160
32.000050	8.184510	1.828115
32.200050	8.234314	1.704367
32.400051	8.284094	1.588771
32.600052	8.333847	1.481756
32.800053	8.383575	1.383360
33.000053	8.433279	1.293310
33.200054	8.482955	1.211070
33.400055	8.532607	1.135933
33.600056	8.582232	1.067100
33.800056	8.631831	1.003777
34.000057	8.681404	0.945266
34.200058	8.730951	0.891039
34.400059	8.780471	0.840775
34.600060	8.829964	0.794355
34.800060	8.879431	0.751832
35.000061	8.928870	0.713340
35.200062	8.978282	0.679014
35.400063	9.027666	0.648899
35.600063	9.077024	0.622905
35.800064	9.126353	0.600794
36.000065	9.175654	0.582193
36.200066	9.224929	0.566651
36.400066	9.274174	0.553697
36.600067	9.323392	0.542877
36.800068	9.372581	0.533784
37.000069	9.421741	0.526073
37.200069	9.470873	0.519439
37.400070	9.519976	0.513618
37.600071	9.569050	0.508388
37.800072	9.618094	0.503576
38.000072	9.667110	0.499079
38.200073	9.716096	0.494887
38.400074	9.765053	0.491076
38.600075	9.813979	0.487788
38.800076	9.862876	0.485172
39.000076	9.911742	0.483328
39.200077	9.960579	0.482240
39.400078	10.009386	0.481744
39.600079	10.058161	0.481538
39.800079	10.106906	0.481239
40.000080	10.155621	0.480478
40.200081	10.204304	0.478998
40.400082	10.252956	0.476756
40.600082	10.301578	0.473956
40.800083	10.350167	0.471045
41.000084	10.398725	0.468625
41.200085	10.447251	0.467325
41.400085	10.495747	0.467672
41.600086	10.544209	0.469949
41.800087	10.592639	0.474137
42.000088	10.641038	0.479912
42.200089	10.689404	0.486724
42.400089	10.737737	0.493922
42.600090	10.786037	0.500906
42.800091	10.834305	0.507264
43.000092	10.882540	0.512846
43.200092	10.930741	0.517780
43.400093	10.978909	0.522407
43.600094	11.027044	0.527172
43.800095	11.075146	0.532499
44.000095	11.123214	0.538695
44.200096	11.171247	0.545900
44.400097	11.219247	0.554096
44.600098	11.267212	0.563185
44.800098	11.315143	0.573070
45.000099	11.363039	0.583737
45.200100	11.410901	0.595291
45.400101	11.458729	0.607932
45.600101	11.506521	0.621887
45.800102	11.554278	0.637301
46.000103	11.602001	0.654152
46.200104	11.649688	0.672210
46.400105	11.697338	0.691064
46.600105	11.744954	0.710207
46.800106	11.792534	0.729179
47.000107	11.840078	0.747695
47.200108	11.887586	0.765738
47.400108	11.935058	0.783595
47.600109	11.982492	0.801791
47.800110	12.029891	0.820986
48.000111	12.077253	0.841822
48.200111	12.124579	0.864799
48.400112	12.171867	0.890190
48.600113	12.219119	0.918024
48.800114	12.266334	0.948118
49.000114	12.313509	0.980173
49.200115	12.360649	1.013839
49.400116	12.407750	1.048768
49.600117	12.454815	1.084641
49.800117	12.501841	1.121117
50.000118	12.548828	1.157806
50.200119	12.595778	1.194211
50.400120	12.642689	1.229735
50.600121	12.689561	1.263685
50.800121	12.736396	1.295402
51.000122	12.783191	1.324323
51.200123	12.829947	1.350100
51.400124	12.876665	1.372650
51.600124	12.923342	1.392184
51.800125	12.969980	1.409132
52.000126	13.016580	1.424034
52.200127	13.063140	1.437429
52.400127	13.109659	1.449739
52.600128	13.156139	1.461152
52.800129	13.202578	1.471646
53.000130	13.248978	1.480987
53.200130	13.295337	1.488807
53.400131	13.341656	1.494747
53.600132	13.387934	1.498509
53.800133	13.434171	1.499976
54.000134	13.480366	1.499220
54.200134	13.526522	1.496510
54.400135	13.572636	1.492243
54.600136	13.618709	1.486862
54.800137	13.664740	1.480767
55.000137	13.710730	1.474244
55.200138	13.756678	1.467427
55.400139	13.802582	1.460265
55.600140	13.848446	1.452596
55.800140	13.894268	1.444204
56.000141	13.940047	1.434889
56.200142	13.985785	1.424572
56.400143	14.031479	1.413331
56.600143	14.077129	1.401422
56.800144	14.122738	1.389257
57.000145	14.168303	1.377333
57.200146	14.213826	1.366114
57.400146	14.259306	1.355954
57.600147	14.304741	1.347018
57.800148	14.350134	1.339228
58.000149	14.395481	1.332269
58.200150	14.440785	1.325639
58.400150	14.486047	1.318735
58.600151	14.531263	1.310962
58.800152	14.576435	1.301833
59.000153	14.621563	1.291042
59.200153	14.666645	1.278500
59.400154	14.711684	1.264336
59.600155	14.756678	1.248857
59.800156	14.801627	1.232455
60.000156	14.846531	1.215549
60.200157	14.891390	1.198493
60.400158	14.936203	1.181497
60.600159	14.980969	1.164630
60.800159	15.025691	1.147792
61.000160	15.070368	1.130777
61.200161	15.114998	1.113308
61.400162	15.159583	1.095126
61.600163	15.204121	1.076055
61.800163	15.248611	1.056045
62.000164	15.293057	1.035216
62.200165	15.337456	1.013834
62.400166	15.381808	0.992279
62.600166	15.426113	0.970985
62.800167	15.470372	0.950355
63.000168	15.514582	0.930695
63.200169	15.558745	0.912161
63.400169	15.602862	0.894743
63.600170	15.646932	0.878280
63.800171	15.690952	0.862513
64.000168	15.734925	0.847160
64.200165	15.778850	0.831991
64.400162	15.822725	0.816882
64.600159	15.866554	0.801860
64.800156	15.910335	0.787090
65.000153	15.954066	0.772828
65.200150	15.997749	0.759364
65.400146	16.041384	0.746940
65.600143	16.084969	0.735698
65.800140	16.128504	0.725634
66.000137	16.171991	0.716604
66.200134	16.215429	0.708372
66.400131	16.258820	0.700655
66.600128	16.302158	0.693208
66.800125	16.345448	0.685868
67.000122	16.388687	0.678604
67.200119	16.431875	0.671513
67.400116	16.475016	0.664785
67.600113	16.518105	0.658659
67.800110	16.561144	0.653354
68.000107	16.604134	0.649017
68.200104	16.647072	0.645687
68.400101	16.689959	0.643289
68.600098	16.732796	0.641644
68.800095	16.775579	0.640515
69.000092	16.818314	0.639659
69.200089	16.860998	0.638862
69.400085	16.903631	0.637982
69.600082	16.946211	0.636968
69.800079	16.988739	0.635855
70.000076	17.031216	0.634750
70.200073	17.073641	0.633806
70.400070	17.116014	0.633201
70.600067	17.158335	0.633114
70.800064	17.200605	0.633707
71.000061	17.242821	0.635118
71.200058	17.284985	0.637459
71.400055	17.327095	0.640806
71.600052	17.369154	0.645204
71.800049	17.411160	0.650671
72.000046	17.453112	0.657174
72.200043	17.495010	0.664651
72.400040	17.536858	0.673001
72.600037	17.578650	0.682095
72.800034	17.620388	0.691791
73.000031	17.662073	0.701953
73.200027	17.703705	0.712458
73.400024	17.745283	0.723219
73.600021	17.786806	0.734192
73.800018	17.828278	0.745365
74.000015	17.869692	0.756755
74.200012	17.911053	0.768392
74.400009	17.952358	0.780307
74.600006	17.993608	0.792515
74.800003	18.034805	0.805009
75.000000	18.075947	0.817773
75.199997	18.117033	0.830776
75.399994	18.158066	0.844018
75.599991	18.199041	0.857512
75.799988	18.239964	0.871332
75.999985	18.280828	0.885585
76.199982	18.321636	0.900436
76.399979	18.362391	0.916062
76.599976	18.403088	0.932638
76.799973	18.443731	0.950303
76.999969	18.484316	0.969126
77.199966	18.524845	0.989104
77.399963	18.565317	1.010121
77.599960	18.605734	1.031991
77.799957	18.646093	1.054457
77.999954	18.686396	1.077231
78.199951	18.726641	1.100010
78.399948	18.766830	1.122542
78.599945	18.806961	1.144608
78.799942	18.847036	1.166053
78.999939	18.887053	1.186771
79.199936	18.927011	1.206691
79.399933	18.966913	1.225757
79.599930	19.006758	1.243908
79.799927	19.046545	1.261054
79.999924	19.086271	1.277073
80.199921	19.125942	1.291827
80.399918	19.165554	1.305182
80.599915	19.205107	1.317016
80.799911	19.244600	1.327263
80.999908	19.284037	1.335932
81.199905	19.323414	1.343104
81.399902	19.362734	1.348937
81.599899	19.401993	1.353637
81.799896	19.441193	1.357434
81.999893	19.480333	1.360540
82.199890	19.519415	1.363127
82.399887	19.558437	1.365285
82.599884	19.597401	1.367028
82.799881	19.636305	1.368308
82.999878	19.675148	1.369012
83.199875	19.713932	1.369014
83.399872	19.752655	1.368205
83.599869	19.791317	1.366499
83.799866	19.829920	1.363880
83.999863	19.868462	1.360387
84.199860	19.906944	1.356125
84.399857	19.945366	1.351203
84.599854	19.983727	1.345760
84.799850	20.022026	1.339902
84.999847	20.060265	1.333686
85.199844	20.098442	1.327136
85.399841	20.136559	1.320206
85.599838	20.174614	1.312829
85.799835	20.212608	1.304908
85.999832	20.250540	1.296371
86.199829	20.288410	1.287160
86.399826	20.326218	1.277274
86.599823	20.363964	1.266756
86.799820	20.401649	1.255700
86.999817	20.439272	1.244230
87.199814	20.476831	1.232482
87.399811	20.514330	1.220597
87.599808	20.551765	1.208677
87.799805	20.589138	1.196804
87.999802	20.626448	1.185006
88.199799	20.663694	1.173276
88.399796	20.700878	1.161593
88.599792	20.738001	1.149912
88.799789	20.775059	1.138211
88.999786	20.812054	1.126481
89.199783	20.848984	1.114753
89.399780	20.885853	1.103112
89.599777	20.922657	1.091666
89.799774	20.959396	1.080577
89.999771	20.996073	1.070015
90.199768	21.032686	1.060158
90.399765	21.069235	1.051166
90.599762	21.105719	1.043163
90.799759	21.142139	1.036221
90.999756	21.178495	1.030341
91.199753	21.214787	1.025464
91.399750	21.251013	1.021449
91.599747	21.287174	1.018099
91.799744	21.323271	1.015170
91.999741	21.359303	1.012389
92.199738	21.395269	1.009490
92.399734	21.431171	1.006212
92.599731	21.467010	1.002349
92.799728	21.502781	0.997753
92.999725	21.538486	0.992353
93.199722	21.574127	0.986151
93.399719	21.609701	0.979234
93.599716	21.645208	0.971739
93.799713	21.680651	0.963863
93.999710	21.716028	0.955825
94.199707	21.751337	0.947840
94.399704	21.786581	0.940121
94.599701	21.821760	0.932827
94.799698	21.856871	0.926092
94.999695	21.891916	0.919991
95.199692	21.926893	0.914547
95.399689	21.961803	0.909745
95.599686	21.996651	0.905539
95.799683	22.031427	0.901850
95.999680	22.066137	0.898599
96.199677	22.100780	0.895693
96.399673	22.135357	0.893046
96.599670	22.169865	0.890575
96.799667	22.204306	0.888197
96.999664	22.238678	0.885828
97.199661	22.272984	0.883386
97.399658	22.307220	0.880783
97.599655	22.341391	0.877929
97.799652	22.375492	0.874725
97.999649	22.409525	0.871083
98.199646	22.443489	0.866928
98.399643	22.477386	0.862199
98.599640	22.511215	0.856867
98.799637	22.544975	0.850943
98.999634	22.578667	0.844471
99.199631	22.612289	0.837540
99.399628	22.645842	0.830275
99.599625	22.679327	0.822826
99.799622	22.712742	0.815360
99.999619	22.746088	0.808051
100.199615	22.779364	0.801056
100.399612	22.812571	0.794516
100.599609	22.845709	0.788534
100.799606	22.878777	0.783176
100.999603	22.911776	0.778476
101.199600	22.944704	0.774426
101.399597	22.977564	0.770987
101.599594	23.010355	0.768108
101.799591	23.043074	0.765718
101.999588	23.075722	0.763752
102.199585	23.108299	0.762148
102.399582	23.140808	0.760859
102.599579	23.173244	0.759848
102.799576	23.205612	0.759093
102.999573	23.237907	0.758586
103.199570	23.270134	0.758317
103.399567	23.302288	0.758282
103.599564	23.334372	0.758465
103.799561	23.366385	0.758846
103.999557	23.398325	0.759392
104.199554	23.430195	0.760060
104.399551	23.461994	0.760808
104.599548	23.493723	0.761588
104.799545	23.525377	0.762359
104.999542	23.556963	0.763094
105.199539	23.588474	0.763788
105.399536	23.619915	0.764449
105.599533	23.651283	0.765114
105.799530	23.682579	0.765829
105.999527	23.713804	0.766669
106.199524	23.744955	0.767706
106.399521	23.776035	0.769022
106.599518	23.807041	0.770686
106.799515	23.837976	0.772760
106.999512	23.868839	0.775280
107.199509	23.899628	0.778269
107.399506	23.930346	0.781717
107.599503	23.960991	0.785606
107.799500	23.991560	0.789888
107.999496	24.022058	0.794518
108.199493	24.052483	0.799431
108.399490	24.082834	0.804573
108.599487	24.113111	0.809890
108.799484	24.143316	0.815342
108.999481	24.173447	0.820897
109.199478	24.203505	0.826546
109.399475	24.233488	0.832283
109.599472	24.263397	0.838120
109.799469	24.293232	0.844076
109.999466	24.322994	0.850169
110.199463	24.352682	0.856428
110.399460	24.382296	0.862871
110.599457	24.411837	0.869518
110.799454	24.441301	0.876380
110.999451	24.470692	0.883460
111.199448	24.500008	0.890757
111.399445	24.529249	0.898262
111.599442	24.558414	0.905961
111.799438	24.587507	0.913833
111.999435	24.616524	0.921861
112.199432	24.645466	0.930020
112.399429	24.674332	0.938288
112.599426	24.703123	0.946645
112.799423	24.731840	0.955066
112.999420	24.760481	0.963532
113.199417	24.789047	0.972029
113.399414	24.817537	0.980541
113.599411	24.845953	0.989050
113.799408	24.874290	0.997552
113.999405	24.902554	1.006039
114.199402	24.930742	1.014508
114.399399	24.958853	1.022949
114.599396	24.986887	1.031369
114.799393	25.014847	1.039768
114.999390	25.042730	1.048148
115.199387	25.070536	1.056512
115.399384	25.098267	1.064861
115.599380	25.125921	1.073193
115.799377	25.153498	1.081509
115.999374	25.180998	1.089803
116.199371	25.208422	1.098061
116.399368	25.235769	1.106279
116.599365	25.263041	1.114439
116.799362	25.290234	1.122526
116.999359	25.317350	1.130516
117.199356	25.344389	1.138407
117.399353	25.371351	1.146180
117.599350	25.398237	1.153830
117.799347	25.425043	1.161353
117.999344	25.451773	1.168753
118.199341	25.478426	1.176042
118.399338	25.505001	1.183233
118.599335	25.531498	1.190354
118.799332	25.557917	1.197414
118.999329	25.584259	1.204451
119.199326	25.610521	1.211470
119.399323	25.636707	1.218496
119.599319	25.662815	1.225526
119.799316	25.688845	1.232557
119.999313	25.714796	1.239568
120.199310	25.740669	1.246526
120.399307	25.766462	1.253377
120.599304	25.792179	1.260056
120.799301	25.817816	1.266487
120.999298	25.843374	1.272583
121.199295	25.868855	1.278248
121.399292	25.894255	1.283382
121.599289	25.919577	1.287890
121.799286	25.944820	1.291684
121.999283	25.969984	1.294688
122.199280	25.995070	1.296844
122.399277	26.020075	1.298108
122.599274	26.045004	1.298468
122.799271	26.069851	1.297930
122.999268	26.094618	1.296529
123.199265	26.119307	1.294327
123.399261	26.143915	1.291405
123.599258	26.168446	1.287866
123.799255	26.192894	1.283824
123.999252	26.217264	1.279408
124.199249	26.241554	1.274748
124.399246	26.265764	1.269979
124.599243	26.289894	1.265229
124.799240	26.313944	1.260597
124.999237	26.337914	1.256188
125.199234	26.361803	1.252071
125.399231	26.385612	1.248299
125.599228	26.409342	1.244897
125.799225	26.432989	1.241870
125.999222	26.456558	1.239192
126.199219	26.480045	1.236820
126.399216	26.503452	1.234694
126.599213	26.526777	1.232738
126.799210	26.550022	1.230868
126.999207	26.573187	1.228998
127.199203	26.596270	1.227037
127.399200	26.619272	1.224903
127.599197	26.642193	1.222522
127.799194	26.665033	1.219840
127.999191	26.687792	1.216805
128.199188	26.710468	1.213402
128.399185	26.733065	1.209609
128.599182	26.755581	1.205445
128.799179	26.778013	1.200937
128.999176	26.800365	1.196126
129.199173	26.822636	1.191064
129.399170	26.844824	1.185821
129.599167	26.866930	1.180462
129.799164	26.888954	1.175059
129.999161	26.910896	1.169676
130.199158	26.932758	1.164390
130.399155	26.954536	1.159248
130.599152	26.976233	1.154302
130.799149	26.997847	1.149588
130.999146	27.019381	1.145123
131.199142	27.040829	1.140919
131.399139	27.062197	1.136965
131.599136	27.083483	1.133251
131.799133	27.104687	1.129738
131.999130	27.125805	1.126393
132.199127	27.146843	1.123162
132.399124	27.167797	1.119996
132.599121	27.188669	1.116836
132.799118	27.209459	1.113626
132.999115	27.230165	1.110315
133.199112	27.250788	1.106845
133.399109	27.271328	1.103172
133.599106	27.291786	1.099262
133.799103	27.312160	1.095083
133.999100	27.332451	1.090611
134.199097	27.352659	1.085839
134.399094	27.372784	1.080771
134.599091	27.392824	1.075408
134.799088	27.412783	1.069771
134.999084	27.432657	1.063889
135.199081	27.452446	1.057790
135.399078	27.472153	1.051521
135.599075	27.491777	1.045116
135.799072	27.511316	1.038632
135.999069	27.530771	1.032107
136.199066	27.550144	1.025594
136.399063	27.569431	1.019146
136.599060	27.588634	1.012802
136.799057	27.607754	1.006604
136.999054	27.626791	1.000588
137.199051	27.645742	0.994791
137.399048	27.664610	0.989240
137.599045	27.683393	0.983953
137.799042	27.702091	0.978947
137.999039	27.720707	0.974231
138.199036	27.739237	0.969810
138.399033	27.757681	0.965680
138.599030	27.776043	0.961834
138.799026	27.794319	0.958260
138.999023	27.812510	0.954945
139.199020	27.830618	0.951867
139.399017	27.848639	0.949003
139.599014	27.866577	0.946337
139.799011	27.884428	0.943839
139.999008	27.902197	0.941484
140.199005	27.919878	0.939251
140.399002	27.937477	0.937115
140.598999	27.954990	0.935058
140.798996	27.972416	0.933052
140.998993	27.989759	0.931087
141.198990	28.007015	0.929146
141.398987	28.024187	0.927217
141.598984	28.041273	0.925291
141.798981	28.058273	0.923362
141.998978	28.075188	0.921427
142.198975	28.092018	0.919485
142.398972	28.108763	0.917535
142.598969	28.125420	0.915589
142.798965	28.141993	0.913642
142.998962	28.158480	0.911709
143.198959	28.174881	0.909794
143.398956	28.191196	0.907910
143.598953	28.207428	0.906060
143.798950	28.223572	0.904255
143.998947	28.239628	0.902509
144.198944	28.255600	0.900824
144.398941	28.271486	0.899209
144.598938	28.287285	0.897671
144.798935	28.302999	0.896213
144.998932	28.318626	0.894837
145.198929	28.334166	0.893549
145.398926	28.349621	0.892342
145.598923	28.364988	0.891220
145.798920	28.380270	0.890179
145.998917	28.395466	0.889214
146.198914	28.410576	0.888320
146.398911	28.425598	0.887490
146.598907	28.440535	0.886716
146.798904	28.455383	0.885994
146.998901	28.470146	0.885311
147.198898	28.484821	0.884661
147.398895	28.499411	0.884033
147.598892	28.513912	0.883417
147.798889	28.528328	0.882811
147.998886	28.542656	0.882204
148.198883	28.556896	0.881583
148.398880	28.571051	0.880946
148.598877	28.585119	0.880289
148.798874	28.599098	0.879601
148.998871	28.612991	0.878880
149.198868	28.626799	0.878121
149.398865	28.640516	0.877322
149.598862	28.654150	0.876480
149.798859	28.667694	0.875592
149.998856	28.681150	0.874660
150.198853	28.694521	0.873682
150.398849	28.707802	0.872657
150.598846	28.720997	0.871589
150.798843	28.734104	0.870479
150.998840	28.747124	0.869325
151.198837	28.760056	0.868132
151.398834	28.772902	0.866902
151.598831	28.785658	0.865641
151.798828	28.798326	0.864347
151.998825	28.810909	0.863027
152.198822	28.823402	0.861679
152.398819	28.835808	0.860314
152.598816	28.848127	0.858927
152.798813	28.860357	0.857526
152.998810	28.872499	0.856115
153.198807	28.884554	0.854697
153.398804	28.896521	0.853273
153.598801	28.908400	0.851845
153.798798	28.920189	0.850421
153.998795	28.931890	0.849002
154.198792	28.943506	0.847590
154.398788	28.955032	0.846186
154.598785	28.966469	0.844801
154.798782	28.977819	0.843431
154.998779	28.989080	0.842079
155.198776	29.000254	0.840751
155.398773	29.011337	0.839447
155.598770	29.022335	0.838171
155.798767	29.033241	0.836927
155.998764	29.044062	0.835714
156.198761	29.054792	0.834535
156.398758	29.065435	0.833395
156.598755	29.075989	0.832292
156.798752	29.086454	0.831234
156.998749	29.096830	0.830217
157.198746	29.107119	0.829245
157.398743	29.117319	0.828317
157.598740	29.127430	0.827444
157.798737	29.137451	0.826614
157.998734	29.147385	0.825836
158.198730	29.157228	0.825110
158.398727	29.166985	0.824435
158.598724	29.176651	0.823813
158.798721	29.186230	0.823244
158.998718	29.195719	0.822728
159.198715	29.205118	0.822264
159.398712	29.214430	0.821855
159.598709	29.223652	0.821497
159.798706	29.232786	0.821191
159.998703	29.241829	0.820936
160.198700	29.250784	0.820733
160.398697	29.259651	0.820577
160.598694	29.268427	0.820472
160.798691	29.277115	0.820411
160.998688	29.285713	0.820398
161.198685	29.294222	0.820428
161.398682	29.302643	0.820501
161.598679	29.310974	0.820614
161.798676	29.319216	0.820764
161.998672	29.327368	0.820955
162.198669	29.335430	0.821180
162.398666	29.343403	0.821437
162.598663	29.351288	0.821725
162.798660	29.359083	0.822044
162.998657	29.366787	0.822390
163.198654	29.374403	0.822762
163.398651	29.381929	0.823156
163.598648	29.389366	0.823573
163.798645	29.396713	0.824006
163.998642	29.403973	0.824461
164.198639	29.411140	0.824929
164.398636	29.418219	0.825411
164.598633	29.425207	0.825907
164.798630	29.432108	0.826412
164.998627	29.438917	0.826927
165.198624	29.445637	0.827446
165.398621	29.452267	0.827972
165.598618	29.458809	0.828505
165.798615	29.465260	0.829041
165.998611	29.471621	0.829575
166.198608	29.477892	0.830111
166.398605	29.484074	0.830647
166.598602	29.490166	0.831179
166.798599	29.496166	0.831711
166.998596	29.502079	0.832237
167.198593	29.507902	0.832760
167.398590	29.513634	0.833276
167.598587	29.519276	0.833788
167.798584	29.524828	0.834290
167.998581	29.530291	0.834786
168.198578	29.535664	0.835275
168.398575	29.540947	0.835754
168.598572	29.546139	0.836225
168.798569	29.551243	0.836686
168.998566	29.556255	0.837136
169.198563	29.561178	0.837579
169.398560	29.566010	0.838011
169.598557	29.570753	0.838430
169.798553	29.575405	0.838841
169.998550	29.579967	0.839241
170.198547	29.584440	0.839629
170.398544	29.588821	0.840009
170.598541	29.593115	0.840375
170.798538	29.597317	0.840731
170.998535	29.601427	0.841076
171.198532	29.605450	0.841410
171.398529	29.609381	0.841736
171.598526	29.613222	0.842049
171.798523	29.616974	0.842350
171.998520	29.620634	0.842642
172.198517	29.624205	0.842925
172.398514	29.627684	0.843196
172.598511	29.631075	0.843461
172.798508	29.634375	0.843711
172.998505	29.637585	0.843954
173.198502	29.640703	0.844187
173.398499	29.643732	0.844412
173.598495	29.646671	0.844627
173.798492	29.649519	0.844833
173.998489	29.652277	0.845031
174.198486	29.654945	0.845218
174.398483	29.657522	0.845398
174.598480	29.660009	0.845571
174.798477	29.662407	0.845735
174.998474	29.664713	0.845890
175.198471	29.666929	0.846041
175.398468	29.669054	0.846180
175.598465	29.671089	0.846316
175.798462	29.673035	0.846441
175.998459	29.674889	0.846560
176.198456	29.676653	0.846675
176.398453	29.678328	0.846780
176.598450	29.679911	0.846883
176.798447	29.681402	0.846975
176.998444	29.682806	0.847062
177.198441	29.684118	0.847143
177.398438	29.685339	0.847216
177.598434	29.686470	0.847286
177.798431	29.687511	0.847348
177.998428	29.688461	0.847405
178.198425	29.689322	0.847457
178.398422	29.690090	0.847503
178.598419	29.690769	0.847545
178.798416	29.691359	0.847578
178.998413	29.691856	0.847609
179.198410	29.692265	0.847633
179.398407	29.692581	0.847651
179.598404	29.692808	0.847663
